first_name,phone_number
Someone1,87770000000
Someone2,87770000001
Someone3,87770000002
